UDP
tumbleupon.com
 Iter ClientTime(µs)  ServerTime(µs) CommunicationTime(µs)
(  1)       44531             229              44302
(  2)       28579             176              28403
(  3)       10471             176              10295
(  4)        7352             171               7181
(  5)        6322             173               6149
(  6)        6606             168               6438
(  7)        8630             174               8456
(  8)        7273             174               7099
(  9)        6400             172               6228
( 10)        5586             172               5414
( 11)       10885             174              10711
( 12)       26774             175              26599
( 13)        7441             176               7265
( 14)       11663             174              11489
( 15)        8549             175               8374
( 16)        6631             175               6456
( 17)        5895             176               5719
( 18)        5958             173               5785
( 19)        6857             175               6682
( 20)        6584             175               6409
( 21)        5871             182               5689
( 22)        9473             174               9299
( 23)       26786             175              26611
( 24)        6238             173               6065
( 25)        7054             176               6878
( 26)        8403             213               8190
( 27)        8333             178               8155
( 28)        8275             212               8063
( 29)        7256             173               7083
( 30)        7150             174               6976
( 31)        7324             174               7150
( 32)        5955             175               5780
( 33)       12664             174              12490
( 34)       23345             173              23172
( 35)        6233             206               6027
( 36)        5963             175               5788
( 37)        6653             196               6457
( 38)       11685             173              11512
( 39)        7786             174               7612
( 40)        7285             172               7113
( 41)        6625             175               6450
( 42)        8083             177               7906
( 43)        7059             175               6884
( 44)        8766             173               8593
( 45)       27305             174              27131
( 46)       63323             202              63121
( 47)        6093             203               5890
( 48)        7444             203               7241
( 49)       23693             238              23455
( 50)        7624             203               7421
( 51)        8010             201               7809
( 52)        7952             204               7748
( 53)       10568             202              10366
( 54)        8116             202               7914
( 55)        8615             203               8412
( 56)        7975             202               7773
( 57)        8457             173               8284
( 58)       76811             174              76637
( 59)       29642              68              29574
( 60)        7185              62               7123
( 61)       23932              53              23879
( 62)        8286              67               8219
( 63)        7460              73               7387
( 64)        6773              82               6691
( 65)       10082             133               9949
( 66)        6878             173               6705
( 67)        5734             176               5558
( 68)        5634             176               5458
( 69)        5741             175               5566
( 70)        6646             174               6472
( 71)        6198             171               6027
( 72)        7283             174               7109
( 73)       25525             174              25351
( 74)        6318             174               6144
( 75)        7731             175               7556
( 76)        7384             173               7211
( 77)        7891             173               7718
( 78)       11122             172              10950
( 79)        6167             173               5994
( 80)        6617             176               6441
( 81)        6932             174               6758
( 82)        6067             174               5893
( 83)       10170             174               9996
( 84)       25346             174              25172
( 85)        5954             175               5779
( 86)        5757             173               5584
( 87)        6346             174               6172
( 88)        7847             173               7674
( 89)        7842             173               7669
( 90)        7487             174               7313
( 91)        7687             174               7513
( 92)        6862             172               6690
( 93)        6732             173               6559
( 94)        6109             176               5933
( 95)       10836             176              10660
( 96)       24353             174              24179
( 97)        7715             174               7541
( 98)        5637             175               5462
( 99)        7455             175               7280
(100)        5815             172               5643
(101)        7115             173               6942

            11124             172              10951  <-- Média



TCP
rivacy.gov.au
Iter ClientTime(µs)  ServerTime(µs) ComunnicationTime(µs)
(  1)       32591           15810              16781
(  2)        4728             157               4571
(  3)       14450             147              14303
(  4)        6879             144               6735
(  5)       21992             141              21851
(  6)       40026             109              39917
(  7)        3478             105               3373
(  8)       13230             107              13123
(  9)       22592             163              22429
( 10)        4186             165               4021
( 11)        4412             163               4249
( 12)        6012             161               5851
( 13)        8587             223               8364
( 14)        3712             165               3547
( 15)        4154             161               3993
( 16)        3546             163               3383
( 17)        3709             223               3486
( 18)        3679             163               3516
( 19)        3646             162               3484
( 20)        3715             160               3555
( 21)       19578             164              19414
( 22)        3890             165               3725
( 23)        7259             163               7096
( 24)        5156             165               4991
( 25)        5921             163               5758
( 26)        8966             165               8801
( 27)        3584             161               3423
( 28)        4388             161               4227
( 29)        3553             163               3390
( 30)        7873             169               7704
( 31)       22242             163              22079
( 32)        3641             164               3477
( 33)        5633             163               5470
( 34)        3558             163               3395
( 35)        4587             161               4426
( 36)        4071             162               3909
( 37)        7355             164               7191
( 38)        7776             161               7615
( 39)        4171             147               4024
( 40)        3855             149               3706
( 41)       26233             206              26027
( 42)        3562             164               3398
( 43)        3636             162               3474
( 44)        3607             161               3446
( 45)        3581             162               3419
( 46)        7266             160               7106
( 47)       10501             161              10340
( 48)       29622             165              29457
( 49)        3681             162               3519
( 50)        4576             196               4380
( 51)        4392             164               4228
( 52)        4192             162               4030
( 53)        9649             163               9486
( 54)        3589             162               3427
( 55)       10969             163              10806
( 56)        9950             160               9790
( 57)       23498             161              23337
( 58)        3680             162               3518
( 59)        3938             162               3776
( 60)        8200             164               8036
( 61)        3340             161               3179
( 62)        3616              70               3546
( 63)        5526              69               5457
( 64)        7214              70               7144
( 65)       24566              70              24496
( 66)        3699              70               3629
( 67)        5619              70               5549
( 68)        3686              69               3617
( 69)        3876              70               3806
( 70)        3677              70               3607
( 71)        3337              69               3268
( 72)        3274              70               3204
( 73)        7691              69               7622
( 74)        4599              70               4529
( 75)       24964              70              24894
( 76)        8076              70               8006
( 77)        3397              82               3315
( 78)        5907              70               5837
( 79)        3683              69               3614
( 80)        3630              70               3560
( 81)        6743              70               6673
( 82)       10623              72              10551
( 83)       29816              70              29746
( 84)       11659             107              11552
( 85)        3962              70               3892
( 86)        4380              70               4310
( 87)        3539              70               3469
( 88)        5795              70               5725
( 89)        4297              69               4228
( 90)        6899              70               6829
( 91)        3949              70               3879
( 92)      260402             163             260239
( 93)        7059             162               6897
( 94)        3719             163               3556
( 95)        4688             161               4527
( 96)       11131             160              10971
( 97)       30947             226              30721
( 98)        3591             162               3429
( 99)        4259             160               4099
(100)      137661             171             137490
(101)        3457             164               3293

            12046             290              11755  <-- Média

